#Exporter v1.1
15 
10
15
45.0 45.0 45.0 45.0 45.0 45.0 45.0 45.0 45.0 45.0 45.0 45.0 45.0 45.0 45.0 
45.0 45.0 45.0 45.0 45.0 45.0 45.0 45.0 45.0 45.0 45.0 45.0 45.0 45.0 45.0 
45.0 45.0 45.0 45.0 45.0 45.0 45.0 0.0 45.0 45.0 45.0 45.0 45.0 45.0 45.0 
45.0 45.0 45.0 45.0 45.0 45.0 45.0 0.0 45.0 45.0 45.0 45.0 45.0 45.0 45.0 
45.0 45.0 45.0 45.0 45.0 45.0 45.0 0.0 45.0 45.0 45.0 45.0 45.0 45.0 45.0 
45.0 45.0 45.0 45.0 45.0 45.0 45.0 45.0 45.0 45.0 45.0 45.0 45.0 45.0 45.0 
45.0 45.0 45.0 45.0 45.0 45.0 45.0 45.0 45.0 45.0 45.0 45.0 45.0 45.0 45.0 
45.0 45.0 45.0 45.0 45.0 45.0 45.0 45.0 45.0 45.0 45.0 45.0 45.0 45.0 45.0 
45.0 45.0 45.0 45.0 45.0 45.0 45.0 45.0 45.0 45.0 45.0 45.0 45.0 45.0 45.0 
45.0 45.0 45.0 45.0 45.0 45.0 45.0 45.0 45.0 45.0 45.0 45.0 45.0 45.0 45.0 
45.0 45.0 45.0 45.0 45.0 45.0 45.0 45.0 45.0 45.0 45.0 45.0 45.0 45.0 45.0 
45.0 45.0 45.0 45.0 45.0 45.0 45.0 45.0 45.0 45.0 45.0 45.0 45.0 45.0 45.0 
45.0 0.0 0.0 0.0 0.0 0.0 0.0 0.0 0.0 109.02 45.0 45.0 45.0 45.0 45.0 
45.0 0.0 0.0 0.0 0.0 0.0 0.0 0.0 0.0 0.0 109.02 45.0 45.0 45.0 45.0 
45.0 0.0 0.0 0.0 0.0 0.0 0.0 0.0 0.0 0.0 0.0 0.0 0.0 0.0 45.0 
45.0 0.0 0.0 0.0 0.0 0.0 0.0 0.0 0.0 0.0 0.0 0.0 0.0 0.0 45.0 
45.0 0.0 0.0 0.0 0.0 0.0 0.0 0.0 0.0 0.0 0.0 0.0 0.0 0.0 45.0 
45.0 0.0 0.0 0.0 0.0 0.0 0.0 0.0 0.0 0.0 0.0 0.0 0.0 0.0 45.0 
45.0 45.0 45.0 45.0 45.0 45.0 45.0 45.0 45.0 45.0 45.0 45.0 45.0 45.0 45.0 
45.0 11.0 11.0 11.0 11.0 11.0 11.0 11.0 11.0 11.0 11.0 11.0 11.0 11.0 45.0 
45.0 45.0 45.0 45.0 45.0 45.0 45.0 45.0 45.0 45.0 45.0 45.0 45.0 45.0 45.0 
45.0 45.0 45.0 45.0 45.0 45.0 45.0 45.0 45.0 45.0 45.0 45.0 45.0 45.0 45.0 
45.0 0.0 0.0 0.0 0.0 0.0 0.0 0.0 0.0 0.0 45.0 45.0 45.0 45.0 45.0 
45.0 0.0 0.0 0.0 0.0 0.0 0.0 0.0 0.0 101.0 45.0 45.0 45.0 45.0 45.0 
45.0 0.0 0.0 0.0 0.0 0.0 0.0 0.0 0.0 101.0 0.0 0.0 300.03 0.0 45.0 
45.0 0.0 0.0 0.0 0.0 0.0 0.0 0.0 0.0 0.0 0.0 0.0 0.0 0.0 45.0 
45.0 0.0 0.0 0.0 0.0 0.0 0.0 0.0 0.0 0.0 0.0 0.0 0.0 0.0 45.0 
45.0 0.0 0.0 0.0 0.0 0.0 0.0 0.0 0.0 0.0 0.0 0.0 0.0 0.0 45.0 
45.0 45.0 45.0 45.0 45.0 45.0 45.0 45.0 45.0 45.0 45.0 45.0 45.0 45.0 45.0 
45.0 11.02 11.0 11.0 11.0 11.0 11.0 11.0 11.0 11.0 11.0 11.0 11.0 11.0 45.0 
45.0 45.0 45.0 45.0 45.0 45.0 45.0 45.0 45.0 45.0 45.0 45.0 45.0 45.0 45.0 
45.0 45.0 45.0 45.0 45.0 45.0 45.0 45.0 45.0 45.0 45.0 45.0 45.0 45.0 45.0 
45.0 0.0 0.0 0.0 0.0 0.0 0.0 0.0 0.0 0.0 45.0 45.0 45.0 45.0 45.0 
45.0 0.0 0.0 0.0 0.0 0.0 0.0 0.0 0.0 101.0 45.0 45.0 45.0 45.0 45.0 
45.0 0.0 0.0 0.0 0.0 0.0 0.0 0.0 0.0 101.0 0.0 0.0 0.0 0.0 45.0 
45.0 0.0 0.0 0.0 0.0 0.0 0.0 0.0 0.0 0.0 0.0 0.0 0.0 0.0 45.0 
45.0 0.0 0.0 0.0 0.0 0.0 0.0 0.0 0.0 0.0 0.0 0.0 0.0 0.0 45.0 
45.0 0.0 0.0 0.0 0.0 0.0 0.0 0.0 0.0 0.0 0.0 0.0 0.0 0.0 45.0 
45.0 45.0 45.0 45.0 45.0 45.0 45.0 45.0 45.0 45.0 45.0 45.0 45.0 45.0 45.0 
45.0 11.0 11.0 11.0 11.0 11.0 11.0 11.0 11.0 11.0 11.0 11.0 11.0 11.0 45.0 
45.0 45.0 45.0 45.0 45.0 45.0 45.0 45.0 45.0 45.0 45.0 45.0 45.0 45.0 45.0 
45.0 45.0 45.0 45.0 45.0 45.0 45.0 45.0 45.0 45.0 45.0 45.0 45.0 45.0 45.0 
45.0 0.0 0.0 0.0 0.0 0.0 0.0 0.0 0.0 0.0 45.0 45.0 45.0 45.0 45.0 
45.0 0.0 0.0 0.0 0.0 0.0 0.0 0.0 0.0 101.0 45.0 45.0 45.0 45.0 45.0 
45.0 0.0 0.0 0.0 0.0 0.0 0.0 0.0 0.0 101.0 0.0 0.0 0.0 0.0 45.0 
45.0 0.0 0.0 0.0 0.0 0.0 0.0 0.0 0.0 0.0 0.0 0.0 0.0 0.0 45.0 
45.0 0.0 0.0 0.0 0.0 0.0 0.0 0.0 0.0 0.0 0.0 0.0 0.0 0.0 45.0 
45.0 0.0 0.0 0.0 0.0 0.0 0.0 0.0 0.0 0.0 0.0 0.0 0.0 0.0 45.0 
45.0 45.0 45.0 45.0 45.0 45.0 45.0 45.0 45.0 45.0 45.0 45.0 45.0 45.0 45.0 
45.0 11.0 11.0 11.0 11.0 11.0 11.0 11.0 11.0 11.0 11.0 11.0 11.0 11.0 45.0 
45.0 45.0 45.0 45.0 45.0 45.0 45.0 45.0 45.0 45.0 45.0 45.0 45.0 45.0 45.0 
45.0 45.0 45.0 45.0 45.0 45.0 45.0 45.0 45.0 45.0 45.0 45.0 45.0 45.0 45.0 
45.0 0.0 0.0 0.0 52.0 0.0 0.0 0.0 0.0 0.0 45.0 45.0 45.0 45.0 45.0 
45.0 0.0 0.0 0.0 0.0 0.0 0.0 0.0 0.0 101.0 45.0 45.0 45.0 45.0 45.0 
45.0 0.0 0.0 0.0 0.0 0.0 0.0 0.0 0.0 101.0 0.0 0.0 0.0 0.0 45.0 
45.0 0.0 0.0 0.0 0.0 0.0 0.0 0.0 0.0 0.0 0.0 0.0 0.0 0.0 45.0 
45.0 0.0 0.0 0.0 0.0 0.0 0.0 0.0 0.0 0.0 0.0 0.0 0.0 0.0 45.0 
45.0 0.0 0.0 0.0 0.0 0.0 0.0 0.0 0.0 0.0 0.0 0.0 0.0 0.0 45.0 
45.0 45.0 45.0 45.0 45.0 45.0 45.0 45.0 45.0 45.0 45.0 45.0 45.0 45.0 45.0 
45.0 11.0 11.0 11.0 11.0 11.0 11.0 11.0 11.0 11.0 11.0 11.0 11.0 11.0 45.0 
45.0 45.0 45.0 45.0 45.0 45.0 45.0 45.0 45.0 45.0 45.0 45.0 45.0 45.0 45.0 
45.0 45.0 45.0 45.0 45.0 45.0 45.0 45.0 45.0 45.0 45.0 45.0 45.0 45.0 45.0 
45.0 0.0 0.0 0.0 0.0 0.0 0.0 0.0 0.0 0.0 45.0 45.0 45.0 45.0 45.0 
45.0 0.0 0.0 0.0 0.0 0.0 0.0 0.0 0.0 101.0 45.0 45.0 45.0 45.0 45.0 
45.0 0.0 0.0 0.0 0.0 0.0 0.0 0.0 0.0 101.0 0.0 0.0 0.0 0.0 45.0 
45.0 0.0 0.0 0.0 0.0 0.0 0.0 0.0 0.0 0.0 0.0 0.0 0.0 0.0 45.0 
45.0 0.0 0.0 0.0 0.0 0.0 0.0 0.0 0.0 0.0 0.0 0.0 0.0 0.0 45.0 
45.0 0.0 0.0 0.0 0.0 0.0 0.0 0.0 0.0 0.0 0.0 0.0 0.0 0.0 45.0 
45.0 45.0 45.0 45.0 45.0 45.0 45.0 45.0 45.0 45.0 45.0 45.0 45.0 45.0 45.0 
45.0 11.0 11.0 11.0 11.0 11.0 11.0 11.0 11.0 11.0 11.0 11.0 11.0 11.0 45.0 
45.0 45.0 45.0 45.0 45.0 45.0 45.0 45.0 45.0 45.0 45.0 45.0 45.0 45.0 45.0 
45.0 45.0 45.0 45.0 45.0 45.0 45.0 45.0 45.0 45.0 45.0 45.0 45.0 45.0 45.0 
45.0 0.0 0.0 0.0 0.0 0.0 0.0 0.0 0.0 0.0 45.0 45.0 45.0 45.0 45.0 
45.0 0.0 0.0 0.0 0.0 0.0 0.0 0.0 0.0 101.0 45.0 45.0 45.0 45.0 45.0 
45.0 0.0 0.0 0.0 0.0 0.0 0.0 0.0 0.0 101.0 0.0 0.0 0.0 0.0 45.0 
45.0 0.0 0.0 0.0 0.0 0.0 0.0 0.0 0.0 0.0 0.0 0.0 0.0 0.0 45.0 
45.0 0.0 0.0 0.0 0.0 0.0 0.0 0.0 0.0 0.0 0.0 0.0 0.0 0.0 45.0 
45.0 0.0 0.0 0.0 0.0 0.0 0.0 0.0 0.0 0.0 0.0 0.0 0.0 0.0 45.0 
45.0 45.0 45.0 45.0 45.0 45.0 45.0 45.0 45.0 45.0 45.0 45.0 45.0 45.0 45.0 
45.0 11.0 11.0 11.0 11.0 11.0 11.0 11.0 11.0 11.0 11.0 11.0 11.0 11.0 45.0 
45.0 45.0 45.0 45.0 45.0 45.0 45.0 45.0 45.0 45.0 45.0 45.0 45.0 45.0 45.0 
45.0 45.0 45.0 45.0 45.0 45.0 45.0 45.0 45.0 45.0 45.0 45.0 45.0 45.0 45.0 
45.0 0.0 0.0 0.0 0.0 0.0 0.0 0.0 0.0 0.0 45.0 45.0 45.0 45.0 45.0 
45.0 0.0 0.0 0.0 0.0 0.0 0.0 0.0 0.0 101.0 45.0 45.0 45.0 45.0 45.0 
45.0 0.0 0.0 0.0 0.0 0.0 0.0 0.0 0.0 101.0 0.0 0.0 0.0 0.0 45.0 
45.0 0.0 0.0 0.0 0.0 0.0 0.0 0.0 0.0 0.0 0.0 0.0 0.0 0.0 45.0 
45.0 0.0 0.0 0.0 0.0 0.0 0.0 0.0 0.0 0.0 0.0 0.0 0.0 0.0 45.0 
45.0 0.0 0.0 0.0 0.0 0.0 0.0 0.0 0.0 0.0 0.0 0.0 0.0 0.0 45.0 
45.0 45.0 45.0 45.0 45.0 45.0 45.0 45.0 45.0 45.0 45.0 45.0 45.0 45.0 45.0 
45.0 11.0 11.0 11.0 11.0 11.0 11.0 11.0 11.0 11.0 11.0 11.0 11.0 11.0 45.0 
45.0 45.0 45.0 45.0 45.0 45.0 45.0 45.0 45.0 45.0 45.0 45.0 45.0 45.0 45.0 
45.0 45.0 45.0 45.0 45.0 45.0 45.0 45.0 45.0 45.0 45.0 45.0 45.0 45.0 45.0 
45.0 0.0 0.0 0.0 0.0 0.0 0.0 0.0 0.0 0.0 45.0 45.0 45.0 45.0 45.0 
45.0 0.0 0.0 0.0 0.0 0.0 0.0 0.0 0.0 101.0 45.0 45.0 45.0 45.0 45.0 
45.0 0.0 0.0 0.0 0.0 0.0 0.0 0.0 0.0 101.0 0.0 0.0 0.0 0.0 45.0 
45.0 0.0 0.0 0.0 0.0 0.0 0.0 0.0 0.0 0.0 0.0 0.0 0.0 0.0 45.0 
45.0 0.0 0.0 0.0 0.0 0.0 0.0 0.0 0.0 0.0 0.0 0.0 0.0 0.0 45.0 
45.0 0.0 0.0 0.0 0.0 0.0 0.0 0.0 0.0 0.0 0.0 0.0 0.0 0.0 45.0 
45.0 45.0 45.0 45.0 45.0 45.0 45.0 45.0 45.0 45.0 45.0 45.0 45.0 45.0 45.0 
45.0 11.0 11.0 11.0 11.0 11.0 11.0 11.0 11.0 11.0 11.0 11.0 11.0 11.0 45.0 
45.0 45.0 45.0 45.0 45.0 45.0 45.0 45.0 45.0 45.0 45.0 45.0 45.0 45.0 45.0 
45.0 45.0 45.0 45.0 45.0 45.0 45.0 45.0 45.0 45.0 45.0 45.0 45.0 45.0 45.0 
45.0 0.0 0.0 0.0 0.0 300.01 0.0 0.0 0.0 0.0 45.0 45.0 45.0 45.0 45.0 
45.0 0.0 0.0 0.0 0.0 0.0 0.0 0.0 0.0 101.0 45.0 45.0 45.0 45.0 45.0 
45.0 0.0 0.0 0.0 0.0 0.0 0.0 0.0 0.0 101.0 0.0 0.0 0.0 0.0 45.0 
45.0 0.0 0.0 0.0 0.0 0.0 0.0 0.0 0.0 0.0 0.0 0.0 0.0 0.0 45.0 
45.0 0.0 0.0 0.0 0.0 0.0 0.0 0.0 0.0 0.0 0.0 0.0 0.0 0.0 45.0 
45.0 0.0 0.0 0.0 0.0 0.0 0.0 0.0 0.0 0.0 0.0 0.0 0.0 0.0 45.0 
45.0 45.0 45.0 45.0 45.0 45.0 45.0 45.0 45.0 45.0 45.0 45.0 45.0 45.0 45.0 
45.0 11.02 11.0 11.0 11.0 11.0 11.0 11.0 11.0 11.0 11.0 11.0 11.0 11.0 45.0 
45.0 45.0 45.0 45.0 45.0 45.0 45.0 45.0 45.0 45.0 45.0 45.0 45.0 45.0 45.0 
45.0 45.0 45.0 45.0 45.0 45.0 45.0 45.0 45.0 45.0 45.0 45.0 45.0 45.0 45.0 
45.0 0.0 0.0 0.0 0.0 0.0 0.0 0.0 0.0 101.0 45.0 45.0 45.0 45.0 45.0 
45.0 0.0 0.0 0.0 0.0 0.0 0.0 0.0 0.0 101.0 45.0 45.0 45.0 45.0 45.0 
45.0 0.0 0.0 0.0 0.0 0.0 0.0 0.0 0.0 101.0 0.0 300.03 0.0 0.0 45.0 
45.0 0.0 0.0 0.0 0.0 0.0 0.0 0.0 0.0 0.0 0.0 0.0 0.0 0.0 45.0 
45.0 0.0 0.0 0.0 0.0 0.0 0.0 0.0 0.0 0.0 0.0 0.0 0.0 0.0 45.0 
45.0 0.0 0.0 0.0 0.0 0.0 0.0 0.0 0.0 0.0 0.0 0.0 0.0 0.0 45.0 
45.0 45.0 45.0 45.0 45.0 45.0 45.0 45.0 45.0 45.0 45.0 45.0 45.0 45.0 45.0 
45.0 11.02 11.0 11.0 11.0 11.0 11.0 11.0 11.0 11.0 11.0 11.0 11.0 11.0 45.0 
45.0 45.0 45.0 45.0 45.0 45.0 45.0 45.0 45.0 45.0 45.0 45.0 45.0 45.0 45.0 
45.0 45.0 45.0 45.0 45.0 45.0 45.0 45.0 45.0 45.0 45.0 45.0 45.0 45.0 45.0 
45.0 0.0 0.0 0.0 0.0 0.0 0.0 0.0 0.0 101.0 45.0 45.0 45.0 45.0 45.0 
45.0 0.0 0.0 0.0 0.0 0.0 0.0 0.0 0.0 101.0 45.0 45.0 45.0 45.0 45.0 
45.0 0.0 0.0 0.0 0.0 0.0 0.0 0.0 0.0 101.0 0.0 0.0 0.0 0.0 45.0 
45.0 0.0 0.0 0.0 0.0 0.0 0.0 0.0 0.0 0.0 0.0 0.0 0.0 0.0 45.0 
45.0 0.0 0.0 0.0 0.0 0.0 0.0 0.0 0.0 0.0 0.0 0.0 0.0 0.0 45.0 
45.0 0.0 0.0 0.0 0.0 0.0 0.0 0.0 0.0 0.0 0.0 0.0 0.0 0.0 45.0 
45.0 45.0 45.0 45.0 45.0 45.0 45.0 45.0 45.0 45.0 45.0 45.0 45.0 45.0 45.0 
45.0 11.02 11.0 11.0 11.0 11.0 11.0 11.0 11.0 11.0 11.0 11.0 11.0 11.0 45.0 
45.0 45.0 45.0 45.0 45.0 45.0 45.0 45.0 45.0 45.0 45.0 45.0 45.0 45.0 45.0 
45.0 45.0 45.0 45.0 45.0 45.0 45.0 45.0 45.0 45.0 45.0 45.0 45.0 45.0 45.0 
45.0 0.0 0.0 0.0 0.0 0.0 0.0 0.0 0.0 0.0 45.0 45.0 45.0 45.0 45.0 
45.0 0.0 0.0 0.0 0.0 0.0 0.0 0.0 0.0 101.0 45.0 45.0 45.0 45.0 45.0 
45.0 0.0 0.0 0.0 0.0 0.0 0.0 0.0 0.0 101.0 0.0 0.0 0.0 0.0 45.0 
45.0 0.0 0.0 0.0 0.0 0.0 0.0 0.0 0.0 0.0 0.0 0.0 0.0 0.0 45.0 
45.0 0.0 0.0 0.0 0.0 0.0 0.0 0.0 0.0 0.0 0.0 0.0 0.0 0.0 45.0 
45.0 0.0 0.0 0.0 0.0 0.0 0.0 0.0 0.0 0.0 0.0 0.0 0.0 0.0 45.0 
45.0 45.0 45.0 45.0 45.0 45.0 45.0 45.0 45.0 45.0 45.0 45.0 45.0 45.0 45.0 
45.0 11.0 11.02 11.02 11.02 11.02 11.02 11.02 11.02 11.02 11.02 11.02 11.02 11.02 45.0 
45.0 45.0 45.0 45.0 45.0 45.0 45.0 45.0 45.0 45.0 45.0 45.0 45.0 45.0 45.0 
45.0 45.0 45.0 45.0 45.0 45.0 45.0 45.0 45.0 45.0 45.0 45.0 45.0 45.0 45.0 
45.0 45.0 45.0 45.0 45.0 45.0 45.0 0.0 45.0 45.0 45.0 45.0 45.0 45.0 45.0 
45.0 45.0 45.0 45.0 45.0 45.0 45.0 0.0 45.0 45.0 45.0 45.0 45.0 45.0 45.0 
45.0 45.0 45.0 45.0 45.0 45.0 45.0 0.0 45.0 45.0 45.0 45.0 45.0 45.0 45.0 
45.0 45.0 45.0 45.0 45.0 45.0 45.0 45.0 45.0 45.0 45.0 45.0 45.0 45.0 45.0 
45.0 45.0 45.0 45.0 45.0 45.0 45.0 45.0 45.0 45.0 45.0 45.0 45.0 45.0 45.0 
45.0 45.0 45.0 45.0 45.0 45.0 45.0 45.0 45.0 45.0 45.0 45.0 45.0 45.0 45.0 
45.0 45.0 45.0 45.0 45.0 45.0 45.0 45.0 45.0 45.0 45.0 45.0 45.0 45.0 45.0 
45.0 45.0 45.0 45.0 45.0 45.0 45.0 45.0 45.0 45.0 45.0 45.0 45.0 45.0 45.0 
